"xconf" <-
0
"sigma1" <-
1.58114
"sigma2" <-
1.58114
"a" <-
0
